w1 = 355.40933 rad/s
w2 = 531.20460 rad/s
wc= 295.4 rad/s
Nc= 2820.8 rad/s