clc;
CoutM=0.000000000006;
CL=0.000000000720;
rC=4000;
f2C=1/(2*3.14*rC*(CoutM+CL));
disp('kHz',f2C/1000,"f2C=")//The answers vary due to round off error
