
3.Cs=0.068027 micro-F
  Rs=183.750000 ohm
  D=0.007854 