**Sample Problem 28-3**
i1 = 0.500000A
i2 = -0.250000A
i3 = 0.250000A 