
5.Rp=2.980600 M-ohm
  Cp=0.067996 Micro-F
  R1=2.026683 M-ohm
  R4=14.706789 K-ohm 