Sigma_w_delta=(m1*delta1)+(m2*delta2) = 0.01012
Sigma_w_delta2 = 0.000000226 m^2
wc= 662.5 rad/s