
4.Cp=0.068027 micro-F
  Rp=551.250000 K-ohm
  D=0.042441