C =    
 
    0.0476190  
 