7.Ls=63 mH
  Rs=1.340426 K-ohm
  Q=0.029531 